1,Café Fixe,Beja,32.124123,32.124123,23,5.3,223.4,1242.3,342.4,914.3
1,Porta Café,Leiria,23.128192,23.132592,7,134.3,124.12,67.3,213.4,534.3
1,Expressos,Ourém,14.32328923,14.32328923,12,112.0,39123.23,273.4,123.4,300.2
1,Starbocks,Lisboa,21.3829123,21.3829123,33,1204.2,9465.3,12500.1,1200.2,5000.5
1,Café Gostoso,Porto,19.491923812,19.491923812,3,3.141516,2323.12,3000.2,7.2,5.0
2,Bijou,Santarem,39.237065264686166,-8.68385466682642,3,4.3,11201.0,238984.0,38424.0,238.0
2,Bom Sabor,Odivelas,32.12121212,32.12121212,23,73.2,8912.1212,4500.323,99.3,2500.2
2,Pastelaria Estrela,Leiria,32.9091203,32.9091203,8,12.5,89124.5,881.121,1239.4,5000.3
2,Papapastel,Leiria,39.182838129,39.182838129,12,84.3,12455.6,8323.1,89231.4,321.1
2,Pastel a Ria,Lisboa,38.1201921,38.1201921,43,32.3,4412.3,1230.4,7.3,25.3
3,Restaurante do Ze,Leiria,12.121212,12.121212,34,2.2,29.3,1000.0,33.2,55,5,2,10.2
3,Restaurante do Manel,Leiria,32.1212121,32.1212121,30,12.3,234.53,3234.1,124.3,120,20,10,2500.3
3,Restaurante do Pipo,Santarém,39.1120192,39.1120192,33,121.3,3231.5,3424.1,894.5,211,120,14,16000.3
3,Rodinhas,Lisboa,32.423123,32.423123,90,1213.4,2389.4,12145.4,9431.3,300,1000,500,10000.0
3,Restaurante da Yas,Setúbal,39.12128912,39.12128912,37,7.3,5000.3,12643.3,15.3,329,100,28,12000.3
4,McDonalds,Viseu,30.01219,30.013223,22,430.0,39.0,0.5,2000.0,365,97,532.0,15.5
4,Rei do Hambúrguer,Leiria,39.12120192,39.12120192,20,500.3,1500.3,23.5,763.4,365,130,174.5,45.5
4,Sino do Taco,Leiria,39.1823912,39.1823912,28,134.5,12394.5,500.4,645.3,365,200,135.4,29.5
4,Mc Burguer,Leiria,39.0918892375,39.0918892375,46,1503.4,1234.5,0.5,1235.5,365,450,2430.7,93.5
4,Dentro & Fora,Lisboa,39.1231273,39.1231273,54,384.5,124.5,8450.5,864.5,365,200,934.4,43.2
5,Casa das Frutas,Leiria,39.73847821480948,-8.803076433340546,10000.0,30,5000.0
5,Fruta Maluca,Porto,32.56235231,32.56235231,5546.4,39,1500.5
5,Czarina da Fruta,Guarda,38.218398123,38.218398123,10.4,347,15.5
5,Agrotóxicos,Viena do Castelo,31.129184912,31.129184912,37593.1,735,250.4
5,Pêra e Maçã,Leiria,32.18293819238,32.18293819238,100000.3,2,2000000.4
6,Portinhas do Sol,Santarem,39.2344731739881,-8.67621008394912,8000000.0,Mini,180.0,20.0
6,Continente,Leiria,39.1231318,39.1231318,1.23330223E7,Super,500.3,5340.3
6,Banguela,Leiria,39.1283918239,39.1283918239,23.4,Mini,5.3,100.3
6,Odacrem,Leiria,39.123279812,39.123279812,3903.4,Mini,145.6,254.3
6,LIDL,Leiria,39.12389123,39.12389123,23413.41,Hiper,734.5,1234.5
